Graph 1, order 6.
0 0 0 0 0 1
0 0 0 0 0 1
0 0 0 0 0 1
0 0 0 0 0 1
0 0 0 0 0 1
1 1 1 1 1 0

Graph 2, order 6.
0 0 0 0 1 1
0 0 0 0 0 1
0 0 0 0 0 1
0 0 0 0 0 1
1 0 0 0 0 0
1 1 1 1 0 0

Graph 3, order 6.
0 0 0 0 1 1
0 0 0 0 0 1
0 0 0 0 0 1
0 0 0 0 0 1
1 0 0 0 0 1
1 1 1 1 1 0

Graph 4, order 6.
0 0 0 0 1 1
0 0 0 0 1 0
0 0 0 0 0 1
0 0 0 0 0 1
1 1 0 0 0 0
1 0 1 1 0 0

Graph 5, order 6.
0 0 0 0 1 0
0 0 0 0 1 0
0 0 0 0 0 1
0 0 0 0 0 1
1 1 0 0 0 1
0 0 1 1 1 0

Graph 6, order 6.
0 0 0 0 1 1
0 0 0 0 1 1
0 0 0 0 0 1
0 0 0 0 0 1
1 1 0 0 0 0
1 1 1 1 0 0

Graph 7, order 6.
0 0 0 0 1 1
0 0 0 0 1 0
0 0 0 0 0 1
0 0 0 0 0 1
1 1 0 0 0 1
1 0 1 1 1 0

Graph 8, order 6.
0 0 0 0 1 1
0 0 0 0 1 1
0 0 0 0 0 1
0 0 0 0 0 1
1 1 0 0 0 1
1 1 1 1 1 0

Graph 9, order 6.
0 0 0 0 1 1
0 0 0 0 1 1
0 0 0 0 1 0
0 0 0 0 0 1
1 1 1 0 0 0
1 1 0 1 0 0

Graph 10, order 6.
0 0 0 0 1 1
0 0 0 0 1 1
0 0 0 0 1 1
0 0 0 0 0 1
1 1 1 0 0 0
1 1 1 1 0 0

Graph 11, order 6.
0 0 0 0 1 1
0 0 0 0 1 1
0 0 0 0 1 0
0 0 0 0 0 1
1 1 1 0 0 1
1 1 0 1 1 0

Graph 12, order 6.
0 0 0 0 1 1
0 0 0 0 1 1
0 0 0 0 1 1
0 0 0 0 0 1
1 1 1 0 0 1
1 1 1 1 1 0

Graph 13, order 6.
0 0 0 0 1 1
0 0 0 0 1 1
0 0 0 0 1 1
0 0 0 0 1 1
1 1 1 1 0 0
1 1 1 1 0 0

Graph 14, order 6.
0 0 0 0 1 1
0 0 0 0 1 1
0 0 0 0 1 1
0 0 0 0 1 1
1 1 1 1 0 1
1 1 1 1 1 0

Graph 15, order 6.
0 0 0 1 0 1
0 0 0 0 1 1
0 0 0 0 0 1
1 0 0 0 0 0
0 1 0 0 0 0
1 1 1 0 0 0

Graph 16, order 6.
0 0 0 1 0 1
0 0 0 0 1 1
0 0 0 0 0 1
1 0 0 0 0 1
0 1 0 0 0 0
1 1 1 1 0 0

Graph 17, order 6.
0 0 0 1 0 1
0 0 0 0 1 1
0 0 0 0 0 1
1 0 0 0 0 1
0 1 0 0 0 1
1 1 1 1 1 0

Graph 18, order 6.
0 0 0 1 1 1
0 0 0 0 1 1
0 0 0 0 0 1
1 0 0 0 0 0
1 1 0 0 0 0
1 1 1 0 0 0

Graph 19, order 6.
0 0 0 1 1 0
0 0 0 0 1 1
0 0 0 0 0 1
1 0 0 0 0 1
1 1 0 0 0 0
0 1 1 1 0 0

Graph 20, order 6.
0 0 0 1 1 1
0 0 0 0 1 0
0 0 0 0 0 1
1 0 0 0 0 0
1 1 0 0 0 1
1 0 1 0 1 0

Graph 21, order 6.
0 0 0 1 1 1
0 0 0 0 1 1
0 0 0 0 0 1
1 0 0 0 0 1
1 1 0 0 0 0
1 1 1 1 0 0

Graph 22, order 6.
0 0 0 1 1 1
0 0 0 0 1 1
0 0 0 0 0 1
1 0 0 0 0 0
1 1 0 0 0 1
1 1 1 0 1 0

Graph 23, order 6.
0 0 0 1 1 1
0 0 0 0 1 1
0 0 0 0 0 1
1 0 0 0 0 1
1 1 0 0 0 1
1 1 1 1 1 0

Graph 24, order 6.
0 0 0 1 0 1
0 0 0 0 1 1
0 0 0 0 1 0
1 0 0 0 0 0
0 1 1 0 0 0
1 1 0 0 0 0

Graph 25, order 6.
0 0 0 1 0 1
0 0 0 0 1 1
0 0 0 0 1 1
1 0 0 0 0 0
0 1 1 0 0 0
1 1 1 0 0 0

Graph 26, order 6.
0 0 0 1 0 1
0 0 0 0 1 1
0 0 0 0 1 0
1 0 0 0 0 1
0 1 1 0 0 0
1 1 0 1 0 0

Graph 27, order 6.
0 0 0 1 0 1
0 0 0 0 1 1
0 0 0 0 1 0
1 0 0 0 0 0
0 1 1 0 0 1
1 1 0 0 1 0

Graph 28, order 6.
0 0 0 1 0 1
0 0 0 0 1 0
0 0 0 0 1 0
1 0 0 0 0 1
0 1 1 0 0 1
1 0 0 1 1 0

Graph 29, order 6.
0 0 0 1 0 1
0 0 0 0 1 1
0 0 0 0 1 1
1 0 0 0 0 1
0 1 1 0 0 0
1 1 1 1 0 0

Graph 30, order 6.
0 0 0 1 0 1
0 0 0 0 1 1
0 0 0 0 1 1
1 0 0 0 0 0
0 1 1 0 0 1
1 1 1 0 1 0

Graph 31, order 6.
0 0 0 1 0 1
0 0 0 0 1 1
0 0 0 0 1 0
1 0 0 0 0 1
0 1 1 0 0 1
1 1 0 1 1 0

Graph 32, order 6.
0 0 0 1 0 1
0 0 0 0 1 1
0 0 0 0 1 1
1 0 0 0 0 1
0 1 1 0 0 1
1 1 1 1 1 0

Graph 33, order 6.
0 0 0 1 1 1
0 0 0 0 0 1
0 0 0 0 0 1
1 0 0 0 1 1
1 0 0 1 0 0
1 1 1 1 0 0

Graph 34, order 6.
0 0 0 1 1 1
0 0 0 0 0 1
0 0 0 0 0 1
1 0 0 0 1 1
1 0 0 1 0 1
1 1 1 1 1 0

Graph 35, order 6.
0 0 0 1 1 0
0 0 0 0 1 1
0 0 0 0 1 1
1 0 0 0 0 1
1 1 1 0 0 0
0 1 1 1 0 0

Graph 36, order 6.
0 0 0 1 1 1
0 0 0 0 1 1
0 0 0 0 1 1
1 0 0 0 0 1
1 1 1 0 0 0
1 1 1 1 0 0

Graph 37, order 6.
0 0 0 1 1 1
0 0 0 0 1 1
0 0 0 0 1 1
1 0 0 0 0 0
1 1 1 0 0 1
1 1 1 0 1 0

Graph 38, order 6.
0 0 0 1 1 1
0 0 0 0 1 1
0 0 0 0 1 0
1 0 0 0 0 1
1 1 1 0 0 1
1 1 0 1 1 0

Graph 39, order 6.
0 0 0 1 1 0
0 0 0 0 1 1
0 0 0 0 1 1
1 0 0 0 0 1
1 1 1 0 0 1
0 1 1 1 1 0

Graph 40, order 6.
0 0 0 1 1 1
0 0 0 0 1 1
0 0 0 0 1 1
1 0 0 0 0 1
1 1 1 0 0 1
1 1 1 1 1 0

Graph 41, order 6.
0 0 0 1 1 1
0 0 0 0 1 1
0 0 0 0 0 1
1 0 0 0 1 1
1 1 0 1 0 0
1 1 1 1 0 0

Graph 42, order 6.
0 0 0 1 1 1
0 0 0 0 1 0
0 0 0 0 0 1
1 0 0 0 1 1
1 1 0 1 0 1
1 0 1 1 1 0

Graph 43, order 6.
0 0 0 1 1 1
0 0 0 0 1 1
0 0 0 0 0 1
1 0 0 0 1 1
1 1 0 1 0 1
1 1 1 1 1 0

Graph 44, order 6.
0 0 0 1 1 1
0 0 0 0 1 1
0 0 0 0 1 1
1 0 0 0 1 1
1 1 1 1 0 0
1 1 1 1 0 0

Graph 45, order 6.
0 0 0 1 1 1
0 0 0 0 1 1
0 0 0 0 1 1
1 0 0 0 1 1
1 1 1 1 0 1
1 1 1 1 1 0

Graph 46, order 6.
0 0 0 1 1 1
0 0 0 1 1 1
0 0 0 0 0 1
1 1 0 0 0 0
1 1 0 0 0 0
1 1 1 0 0 0

Graph 47, order 6.
0 0 0 1 1 1
0 0 0 1 1 1
0 0 0 0 0 1
1 1 0 0 0 1
1 1 0 0 0 0
1 1 1 1 0 0

Graph 48, order 6.
0 0 0 1 1 1
0 0 0 1 1 1
0 0 0 0 0 1
1 1 0 0 0 1
1 1 0 0 0 1
1 1 1 1 1 0

Graph 49, order 6.
0 0 0 1 1 0
0 0 0 1 0 1
0 0 0 0 1 1
1 1 0 0 0 0
1 0 1 0 0 0
0 1 1 0 0 0

Graph 50, order 6.
0 0 0 1 1 1
0 0 0 1 0 1
0 0 0 0 1 1
1 1 0 0 0 0
1 0 1 0 0 0
1 1 1 0 0 0

Graph 51, order 6.
0 0 0 1 1 1
0 0 0 1 0 0
0 0 0 0 1 1
1 1 0 0 0 1
1 0 1 0 0 0
1 0 1 1 0 0

Graph 52, order 6.
0 0 0 1 1 0
0 0 0 1 0 1
0 0 0 0 1 1
1 1 0 0 0 1
1 0 1 0 0 0
0 1 1 1 0 0

Graph 53, order 6.
0 0 0 1 1 1
0 0 0 1 0 0
0 0 0 0 1 0
1 1 0 0 0 1
1 0 1 0 0 1
1 0 0 1 1 0

Graph 54, order 6.
0 0 0 1 1 0
0 0 0 1 0 1
0 0 0 0 1 0
1 1 0 0 0 1
1 0 1 0 0 1
0 1 0 1 1 0

Graph 55, order 6.
0 0 0 1 1 1
0 0 0 1 0 1
0 0 0 0 1 1
1 1 0 0 0 1
1 0 1 0 0 0
1 1 1 1 0 0

Graph 56, order 6.
0 0 0 1 1 1
0 0 0 1 0 1
0 0 0 0 1 0
1 1 0 0 0 1
1 0 1 0 0 1
1 1 0 1 1 0

Graph 57, order 6.
0 0 0 1 1 0
0 0 0 1 0 1
0 0 0 0 1 1
1 1 0 0 0 1
1 0 1 0 0 1
0 1 1 1 1 0

Graph 58, order 6.
0 0 0 1 1 1
0 0 0 1 0 1
0 0 0 0 1 1
1 1 0 0 0 1
1 0 1 0 0 1
1 1 1 1 1 0

Graph 59, order 6.
0 0 0 1 1 1
0 0 0 1 1 1
0 0 0 0 1 1
1 1 0 0 0 0
1 1 1 0 0 0
1 1 1 0 0 0

Graph 60, order 6.
0 0 0 1 1 1
0 0 0 1 1 1
0 0 0 0 1 0
1 1 0 0 0 1
1 1 1 0 0 0
1 1 0 1 0 0

Graph 61, order 6.
0 0 0 1 1 1
0 0 0 1 1 1
0 0 0 0 1 1
1 1 0 0 0 1
1 1 1 0 0 0
1 1 1 1 0 0

Graph 62, order 6.
0 0 0 1 1 1
0 0 0 1 1 1
0 0 0 0 1 1
1 1 0 0 0 0
1 1 1 0 0 1
1 1 1 0 1 0

Graph 63, order 6.
0 0 0 1 1 1
0 0 0 1 1 1
0 0 0 0 1 1
1 1 0 0 0 1
1 1 1 0 0 1
1 1 1 1 1 0

Graph 64, order 6.
0 0 0 1 1 1
0 0 0 1 1 1
0 0 0 0 0 1
1 1 0 0 1 1
1 1 0 1 0 0
1 1 1 1 0 0

Graph 65, order 6.
0 0 0 1 1 1
0 0 0 1 1 0
0 0 0 0 0 1
1 1 0 0 1 1
1 1 0 1 0 1
1 0 1 1 1 0

Graph 66, order 6.
0 0 0 1 1 1
0 0 0 1 1 1
0 0 0 0 0 1
1 1 0 0 1 1
1 1 0 1 0 1
1 1 1 1 1 0

Graph 67, order 6.
0 0 0 1 1 1
0 0 0 1 0 1
0 0 0 0 1 1
1 1 0 0 1 1
1 0 1 1 0 0
1 1 1 1 0 0

Graph 68, order 6.
0 0 0 1 1 0
0 0 0 1 0 1
0 0 0 0 1 1
1 1 0 0 1 1
1 0 1 1 0 1
0 1 1 1 1 0

Graph 69, order 6.
0 0 0 1 1 1
0 0 0 1 0 1
0 0 0 0 1 1
1 1 0 0 1 1
1 0 1 1 0 1
1 1 1 1 1 0

Graph 70, order 6.
0 0 0 1 1 1
0 0 0 1 1 1
0 0 0 0 1 1
1 1 0 0 1 1
1 1 1 1 0 1
1 1 1 1 1 0

Graph 71, order 6.
0 0 0 1 1 1
0 0 0 1 1 1
0 0 0 1 1 1
1 1 1 0 0 0
1 1 1 0 0 0
1 1 1 0 0 0

Graph 72, order 6.
0 0 0 1 1 1
0 0 0 1 1 1
0 0 0 1 1 1
1 1 1 0 0 1
1 1 1 0 0 0
1 1 1 1 0 0

Graph 73, order 6.
0 0 0 1 1 1
0 0 0 1 1 1
0 0 0 1 1 0
1 1 1 0 0 1
1 1 1 0 0 1
1 1 0 1 1 0

Graph 74, order 6.
0 0 0 1 1 1
0 0 0 1 1 1
0 0 0 1 1 1
1 1 1 0 0 1
1 1 1 0 0 1
1 1 1 1 1 0

Graph 75, order 6.
0 0 0 1 1 1
0 0 0 1 1 1
0 0 0 1 1 1
1 1 1 0 1 1
1 1 1 1 0 1
1 1 1 1 1 0

Graph 76, order 6.
0 0 1 0 1 1
0 0 0 1 0 1
1 0 0 0 1 1
0 1 0 0 0 0
1 0 1 0 0 0
1 1 1 0 0 0

Graph 77, order 6.
0 0 1 0 1 1
0 0 0 1 0 1
1 0 0 0 1 0
0 1 0 0 0 1
1 0 1 0 0 0
1 1 0 1 0 0

Graph 78, order 6.
0 0 1 0 1 1
0 0 0 1 0 1
1 0 0 0 1 1
0 1 0 0 0 1
1 0 1 0 0 0
1 1 1 1 0 0

Graph 79, order 6.
0 0 1 0 1 1
0 0 0 1 0 1
1 0 0 0 1 1
0 1 0 0 0 0
1 0 1 0 0 1
1 1 1 0 1 0

Graph 80, order 6.
0 0 1 0 1 1
0 0 0 1 0 1
1 0 0 0 1 1
0 1 0 0 0 1
1 0 1 0 0 1
1 1 1 1 1 0

Graph 81, order 6.
0 0 1 0 1 1
0 0 0 1 1 1
1 0 0 0 1 0
0 1 0 0 0 1
1 1 1 0 0 0
1 1 0 1 0 0

Graph 82, order 6.
0 0 1 0 1 1
0 0 0 1 1 1
1 0 0 0 1 1
0 1 0 0 0 1
1 1 1 0 0 0
1 1 1 1 0 0

Graph 83, order 6.
0 0 1 0 1 1
0 0 0 1 1 1
1 0 0 0 1 1
0 1 0 0 0 0
1 1 1 0 0 1
1 1 1 0 1 0

Graph 84, order 6.
0 0 1 0 1 1
0 0 0 1 1 1
1 0 0 0 1 0
0 1 0 0 0 1
1 1 1 0 0 1
1 1 0 1 1 0

Graph 85, order 6.
0 0 1 0 1 1
0 0 0 1 1 0
1 0 0 0 1 1
0 1 0 0 0 1
1 1 1 0 0 1
1 0 1 1 1 0

Graph 86, order 6.
0 0 1 0 1 1
0 0 0 1 1 1
1 0 0 0 1 1
0 1 0 0 0 1
1 1 1 0 0 1
1 1 1 1 1 0

Graph 87, order 6.
0 0 1 0 1 1
0 0 0 1 1 1
1 0 0 0 1 1
0 1 0 0 1 1
1 1 1 1 0 0
1 1 1 1 0 0

Graph 88, order 6.
0 0 1 0 1 1
0 0 0 1 1 1
1 0 0 0 1 1
0 1 0 0 1 1
1 1 1 1 0 1
1 1 1 1 1 0

Graph 89, order 6.
0 0 1 1 0 1
0 0 0 1 1 1
1 0 0 0 1 1
1 1 0 0 0 0
0 1 1 0 0 0
1 1 1 0 0 0

Graph 90, order 6.
0 0 1 1 0 1
0 0 0 1 1 1
1 0 0 0 1 0
1 1 0 0 0 1
0 1 1 0 0 0
1 1 0 1 0 0

Graph 91, order 6.
0 0 1 1 0 1
0 0 0 1 1 1
1 0 0 0 1 1
1 1 0 0 0 1
0 1 1 0 0 0
1 1 1 1 0 0

Graph 92, order 6.
0 0 1 1 0 1
0 0 0 1 1 1
1 0 0 0 1 1
1 1 0 0 0 1
0 1 1 0 0 1
1 1 1 1 1 0

Graph 93, order 6.
0 0 1 1 1 0
0 0 0 1 1 1
1 0 0 0 1 1
1 1 0 0 0 1
1 1 1 0 0 0
0 1 1 1 0 0

Graph 94, order 6.
0 0 1 1 1 1
0 0 0 1 1 1
1 0 0 0 1 1
1 1 0 0 0 1
1 1 1 0 0 0
1 1 1 1 0 0

Graph 95, order 6.
0 0 1 1 1 1
0 0 0 1 1 1
1 0 0 0 1 0
1 1 0 0 0 1
1 1 1 0 0 1
1 1 0 1 1 0

Graph 96, order 6.
0 0 1 1 1 1
0 0 0 1 1 1
1 0 0 0 1 1
1 1 0 0 0 1
1 1 1 0 0 1
1 1 1 1 1 0

Graph 97, order 6.
0 0 1 1 1 1
0 0 0 1 1 1
1 0 0 0 1 1
1 1 0 0 1 1
1 1 1 1 0 1
1 1 1 1 1 0

Graph 98, order 6.
0 0 1 1 1 1
0 0 0 0 1 1
1 0 0 1 1 1
1 0 1 0 0 1
1 1 1 0 0 0
1 1 1 1 0 0

Graph 99, order 6.
0 0 1 1 1 1
0 0 0 0 1 1
1 0 0 1 1 1
1 0 1 0 0 0
1 1 1 0 0 1
1 1 1 0 1 0

Graph 100, order 6.
0 0 1 1 1 1
0 0 0 0 1 1
1 0 0 1 1 1
1 0 1 0 0 1
1 1 1 0 0 1
1 1 1 1 1 0

Graph 101, order 6.
0 0 1 1 1 1
0 0 0 0 0 1
1 0 0 1 1 1
1 0 1 0 1 1
1 0 1 1 0 0
1 1 1 1 0 0

Graph 102, order 6.
0 0 1 1 1 1
0 0 0 0 0 1
1 0 0 1 1 1
1 0 1 0 1 1
1 0 1 1 0 1
1 1 1 1 1 0

Graph 103, order 6.
0 0 1 1 1 1
0 0 0 0 1 1
1 0 0 1 1 1
1 0 1 0 1 1
1 1 1 1 0 1
1 1 1 1 1 0

Graph 104, order 6.
0 0 1 1 1 1
0 0 0 1 1 1
1 0 0 1 1 1
1 1 1 0 1 1
1 1 1 1 0 1
1 1 1 1 1 0

Graph 105, order 6.
0 0 1 1 1 1
0 0 1 1 1 1
1 1 0 0 1 1
1 1 0 0 0 1
1 1 1 0 0 0
1 1 1 1 0 0

Graph 106, order 6.
0 0 1 1 1 1
0 0 1 1 1 1
1 1 0 0 1 1
1 1 0 0 0 0
1 1 1 0 0 1
1 1 1 0 1 0

Graph 107, order 6.
0 0 1 1 1 1
0 0 1 1 1 0
1 1 0 0 1 1
1 1 0 0 0 1
1 1 1 0 0 1
1 0 1 1 1 0

Graph 108, order 6.
0 0 1 1 1 1
0 0 1 1 1 1
1 1 0 0 1 1
1 1 0 0 0 1
1 1 1 0 0 1
1 1 1 1 1 0

Graph 109, order 6.
0 0 1 1 1 1
0 0 1 1 1 1
1 1 0 0 1 1
1 1 0 0 1 1
1 1 1 1 0 0
1 1 1 1 0 0

Graph 110, order 6.
0 0 1 1 1 1
0 0 1 1 1 1
1 1 0 0 1 1
1 1 0 0 1 1
1 1 1 1 0 1
1 1 1 1 1 0

Graph 111, order 6.
0 0 1 1 1 1
0 0 1 1 1 1
1 1 0 1 1 1
1 1 1 0 1 1
1 1 1 1 0 1
1 1 1 1 1 0

Graph 112, order 6.
0 1 1 1 1 1
1 0 1 1 1 1
1 1 0 1 1 1
1 1 1 0 1 1
1 1 1 1 0 1
1 1 1 1 1 0
