Graph 1, order 5.
0 0 0 0 1
0 0 0 0 1
0 0 0 0 1
0 0 0 0 1
1 1 1 1 0

Graph 2, order 5.
0 0 0 1 1
0 0 0 0 1
0 0 0 0 1
1 0 0 0 0
1 1 1 0 0

Graph 3, order 5.
0 0 0 1 1
0 0 0 0 1
0 0 0 0 1
1 0 0 0 1
1 1 1 1 0

Graph 4, order 5.
0 0 0 1 1
0 0 0 1 1
0 0 0 0 1
1 1 0 0 0
1 1 1 0 0

Graph 5, order 5.
0 0 0 1 1
0 0 0 1 0
0 0 0 0 1
1 1 0 0 1
1 0 1 1 0

Graph 6, order 5.
0 0 0 1 1
0 0 0 1 1
0 0 0 0 1
1 1 0 0 1
1 1 1 1 0

Graph 7, order 5.
0 0 0 1 1
0 0 0 1 1
0 0 0 1 1
1 1 1 0 0
1 1 1 0 0

Graph 8, order 5.
0 0 0 1 1
0 0 0 1 1
0 0 0 1 1
1 1 1 0 1
1 1 1 1 0

Graph 9, order 5.
0 0 1 0 1
0 0 0 1 1
1 0 0 0 0
0 1 0 0 0
1 1 0 0 0

Graph 10, order 5.
0 0 1 0 1
0 0 0 1 1
1 0 0 0 1
0 1 0 0 0
1 1 1 0 0

Graph 11, order 5.
0 0 1 0 1
0 0 0 1 1
1 0 0 0 1
0 1 0 0 1
1 1 1 1 0

Graph 12, order 5.
0 0 1 1 0
0 0 0 1 1
1 0 0 0 1
1 1 0 0 0
0 1 1 0 0

Graph 13, order 5.
0 0 1 1 1
0 0 0 1 1
1 0 0 0 1
1 1 0 0 0
1 1 1 0 0

Graph 14, order 5.
0 0 1 1 1
0 0 0 1 1
1 0 0 0 1
1 1 0 0 1
1 1 1 1 0

Graph 15, order 5.
0 0 1 1 1
0 0 0 0 1
1 0 0 1 1
1 0 1 0 0
1 1 1 0 0

Graph 16, order 5.
0 0 1 1 1
0 0 0 0 1
1 0 0 1 1
1 0 1 0 1
1 1 1 1 0

Graph 17, order 5.
0 0 1 1 1
0 0 0 1 1
1 0 0 1 1
1 1 1 0 1
1 1 1 1 0

Graph 18, order 5.
0 0 1 1 1
0 0 1 1 1
1 1 0 0 1
1 1 0 0 0
1 1 1 0 0

Graph 19, order 5.
0 0 1 1 1
0 0 1 1 1
1 1 0 0 1
1 1 0 0 1
1 1 1 1 0

Graph 20, order 5.
0 0 1 1 1
0 0 1 1 1
1 1 0 1 1
1 1 1 0 1
1 1 1 1 0

Graph 21, order 5.
0 1 1 1 1
1 0 1 1 1
1 1 0 1 1
1 1 1 0 1
1 1 1 1 0
